################################
# Generated by: Save_DE2_number.py

# Generated on: 20161027_152403

# update period: 1.0
# number of data points: 50

#A_data, B_data, C_data, D_data
296   210   306   276
335   235   306   262
308   267   307   264
318   241   326   237
313   269   314   264
311   257   318   246
318   255   327   275
346   291   307   250
330   297   315   217
343   269   330   264
305   266   335   250
349   270   321   226
329   265   324   303
332   223   328   249
341   246   314   260
336   275   325   274
313   266   292   259
314   254   339   283
361   257   295   257
344   274   338   263
300   246   317   251
333   275   320   252
349   271   333   258
341   249   328   259
349   256   333   260
370   287   345   270
301   244   297   227
345   252   296   305
317   274   317   251
315   259   299   235
325   258   315   285
318   264   317   222
331   260   320   232
315   240   363   221
331   242   303   288
326   263   318   257
340   248   318   220
322   274   283   252
307   277   352   278
346   272   291   267
326   260   336   229
320   268   283   250
330   257   335   239
332   237   343   230
369   272   310   236
339   267   323   259
338   238   339   285
364   240   328   259
357   247   345   258
272   243   315   275
