################################
# Generated by: Save_DE2_number.py

# Generated on: 20161027_152508

# update period: 1.0
# number of data points: 50

#A_data, B_data, C_data, D_data
301   240   321   205
332   251   341   252
326   231   320   284
328   265   297   282
334   295   325   231
337   284   310   293
334   264   306   286
311   265   317   263
342   234   323   251
313   249   310   265
309   268   339   254
350   273   300   254
338   292   283   277
370   259   317   239
335   264   317   266
306   253   324   296
322   258   306   256
340   250   346   244
326   284   305   261
342   248   323   261
325   262   331   244
328   249   301   266
308   232   330   265
351   252   337   268
321   273   320   251
336   277   344   242
298   243   321   269
363   268   299   286
332   246   323   298
326   276   332   264
322   276   364   247
348   270   321   267
345   273   322   272
303   238   345   251
321   249   325   255
329   268   332   237
328   243   347   267
297   286   311   271
324   261   286   261
331   249   306   284
356   286   326   237
316   237   315   247
327   245   319   252
354   259   335   249
309   247   327   210
339   249   323   251
328   278   324   266
299   240   324   247
349   257   312   246
356   265   310   217
