################################
# Generated by: Save_DE2_number.py

# Generated on: 20161027_152253

# update period: 1.0
# number of data points: 50

#A_data, B_data, C_data, D_data
287   211   276   238
333   246   312   271
334   235   309   234
312   314   323   267
340   237   331   282
349   268   343   247
310   277   337   249
336   290   326   233
304   283   321   255
366   263   367   238
321   261   339   272
310   257   330   277
314   287   293   271
316   266   314   259
332   252   326   261
339   259   332   266
297   253   314   209
313   265   302   296
332   262   350   282
352   257   309   251
332   266   292   245
326   284   335   254
335   293   303   248
332   276   307   266
318   248   306   259
334   245   309   284
338   291   333   269
333   261   305   265
341   268   317   223
293   301   333   253
293   254   297   259
326   247   290   244
304   274   319   270
320   310   315   256
321   272   330   294
313   281   359   259
321   249   317   248
334   278   316   247
346   283   320   225
355   292   330   257
305   231   321   273
334   240   331   244
315   252   355   248
339   257   321   264
334   242   303   240
331   267   332   263
322   274   352   307
306   282   312   235
306   258   342   259
326   262   306   230
