################################
# Generated by: Save_DE2_number.py

# Generated on: 20161027_152722

# update period: 1.0
# number of data points: 100

#A_data, B_data, C_data, D_data
307   238   282   237
340   271   323   232
342   263   327   235
287   255   335   262
316   246   307   297
362   229   348   228
343   276   349   284
333   238   312   245
328   274   333   224
297   251   367   228
309   254   329   250
332   259   304   251
354   255   337   272
336   234   330   256
333   260   343   254
342   237   291   270
355   305   280   247
331   255   315   255
318   260   333   252
385   248   293   228
341   291   320   235
327   257   322   252
318   258   343   251
315   283   324   276
321   263   328   274
356   270   327   263
338   262   335   246
310   291   318   270
331   257   311   265
343   269   332   261
309   282   307   276
336   290   313   272
287   248   315   243
309   264   289   249
333   262   331   258
315   255   360   231
329   259   296   266
348   262   315   281
314   255   344   233
286   263   332   257
344   266   348   237
336   243   299   254
366   259   325   257
322   265   345   240
309   259   325   265
313   287   283   255
321   308   286   239
347   295   307   266
346   291   314   264
309   246   279   242
325   273   310   251
311   270   308   281
343   256   341   271
323   252   293   258
358   283   346   264
322   244   292   279
328   248   309   258
346   265   314   253
326   259   312   250
333   258   317   244
353   249   342   268
351   242   324   274
374   267   315   278
285   262   300   279
352   249   297   266
330   270   306   259
335   263   330   261
327   254   321   256
322   272   359   280
309   243   334   267
299   310   347   264
353   254   336   235
303   262   309   233
342   293   331   252
339   279   308   249
322   266   328   264
354   242   312   243
353   262   331   268
332   244   327   223
353   249   353   251
360   247   314   250
286   259   304   273
324   275   309   219
347   247   317   273
333   253   318   291
315   281   331   255
320   207   325   242
304   248   292   279
350   229   341   260
313   230   319   254
323   221   294   262
303   282   309   251
334   284   328   257
333   284   326   251
363   276   316   239
343   270   352   241
340   280   299   296
349   265   305   258
324   286   312   227
338   275   313   243
